id,query,field,original_passage_id,original_passage,passage,model,response,M_score,T_score,O_score,fingerprint,prompt_tokens,completion_tokens,total_tokens,cost
975079,where does the welsh language originate from,passage_and_query,msmarco_passage_04_377910097,"What does Carys mean? Pronounce. Carys. [ 2 syll. ca - rys, car - ys ] The baby girl name Carys is pronounced as K AA -RihS- †. Carys is mainly used in the Welsh language and its language of origin is also Welsh.","What does Carys mean? where does the welsh language originate from Pronounce. Carys. [ 2 syll. ca - rys, car - ys ] The baby girl name Carys is pronounced as K AA -RihS- †. Carys is mainly used in the Welsh language and its language of origin is also Welsh.",cohere.command-r-plus-v1:0,3,,,3,fp,0,0,0,0.0
975079,where does the welsh language originate from,passage_and_query_words,msmarco_passage_04_377910097,"What does Carys mean? Pronounce. Carys. [ 2 syll. ca - rys, car - ys ] The baby girl name Carys is pronounced as K AA -RihS- †. Carys is mainly used in the Welsh language and its language of origin is also Welsh.","What does Carys mean? where Pronounce. does Carys. [ 2 the welsh syll. language ca - rys, car originate - ys ] The baby girl name Carys is pronounced as K AA -RihS- †. Carys is mainly used in from the Welsh language and its language of origin is also Welsh.",cohere.command-r-plus-v1:0,3,,,3,fp,0,0,0,0.0
300025,how many whales are caught in fishing nets off california,passage_and_query,msmarco_passage_26_135639654,"Namilani was engaged in fishing and hunting . They made fishing nets from nettle. That was hard work because they spent 2 years for making nets and used it for a year. They used that nets and canoe for fishing. They caught erignatus barbatus, seals and even whales, and used its skins for shoes, bags, clothes and belts.","Namilani was engaged in fishing and hunting . They made fishing nets from nettle. That was hard work because they spent 2 years for making nets and used it for a year. They used that nets and canoe for fishing. They caught erignatus barbatus, seals how many whales are caught in fishing nets off california and even whales, and used its skins for shoes, bags, clothes and belts.",cohere.command-r-plus-v1:0,0,,,0,fp,0,0,0,0.0
300025,how many whales are caught in fishing nets off california,passage_and_query_words,msmarco_passage_26_135639654,"Namilani was engaged in fishing and hunting . They made fishing nets from nettle. That was hard work because they spent 2 years for making nets and used it for a year. They used that nets and canoe for fishing. They caught erignatus barbatus, seals and even whales, and used its skins for shoes, bags, clothes and belts.","Namilani was engaged in fishing and how hunting . They made fishing many whales nets from nettle. That was hard work because they spent are 2 years for making nets and used it for a year. They used that caught in nets fishing and canoe for fishing. They nets caught erignatus barbatus, off seals and even whales, california and used its skins for shoes, bags, clothes and belts.",cohere.command-r-plus-v1:0,1,,,1,fp,0,0,0,0.0
1006728,which cerebral lobe of the brain is involved in our ability to see?,passage_and_query,msmarco_passage_65_799579625,"The frontal lobes control your ability to make good decisions and plan, as well retrieve memories. Other affected areas of the brain include the mammillary bodies, hippocampus, and medial temporal lobe, which are involved with memory, as well as the substantia nigra, which is involved with movement.","The frontal lobes control your ability to make good decisions and plan, as well retrieve memories. Other affected areas of the brain include the mammillary bodies, which cerebral lobe of the brain is involved in our ability to see? hippocampus, and medial temporal lobe, which are involved with memory, as well as the substantia nigra, which is involved with movement.",cohere.command-r-plus-v1:0,2,,,2,fp,0,0,0,0.0
1006728,which cerebral lobe of the brain is involved in our ability to see?,passage_and_query_words,msmarco_passage_65_799579625,"The frontal lobes control your ability to make good decisions and plan, as well retrieve memories. Other affected areas of the brain include the mammillary bodies, hippocampus, and medial temporal lobe, which are involved with memory, as well as the substantia nigra, which is involved with movement.","The frontal lobes control which your ability to make good decisions and cerebral plan, as lobe well of the retrieve memories. Other affected brain is areas of the brain involved include in the mammillary our bodies, hippocampus, and medial ability temporal lobe, which are to involved see? with memory, as well as the substantia nigra, which is involved with movement.",cohere.command-r-plus-v1:0,1,,,1,fp,0,0,0,0.0
1006728,which cerebral lobe of the brain is involved in our ability to see?,passage_and_query,msmarco_passage_08_291664990,"The frontal lobe is involved in establishing priorities and planning. Richard M. Restak, in Brainscapes: An Introduction to What Neuroscience Has Learned about the Structure, Function, and Abilities of the Brain (1995), writes: ""The frontal lobe makes up 50 percent of the volume of each cerebral hemisphere in humans.","The frontal lobe is involved which cerebral lobe of the brain is involved in our ability to see? in establishing priorities and planning. Richard M. Restak, in Brainscapes: An Introduction to What Neuroscience Has Learned about the Structure, Function, and Abilities of the Brain (1995), writes: ""The frontal lobe makes up 50 percent of the volume of each cerebral hemisphere in humans.",cohere.command-r-plus-v1:0,0,,,0,fp,0,0,0,0.0
1006728,which cerebral lobe of the brain is involved in our ability to see?,passage_and_query_words,msmarco_passage_08_291664990,"The frontal lobe is involved in establishing priorities and planning. Richard M. Restak, in Brainscapes: An Introduction to What Neuroscience Has Learned about the Structure, Function, and Abilities of the Brain (1995), writes: ""The frontal lobe makes up 50 percent of the volume of each cerebral hemisphere in humans.","The which frontal cerebral lobe lobe is involved in establishing priorities of and planning. Richard the M. Restak, in brain Brainscapes: An Introduction is to What involved Neuroscience in Has Learned our about the Structure, Function, and Abilities of the Brain ability (1995), writes: ""The frontal to see? lobe makes up 50 percent of the volume of each cerebral hemisphere in humans.",cohere.command-r-plus-v1:0,0,,,0,fp,0,0,0,0.0
23287,are landlords liable if someone breaks in a hurts tenant,passage_and_query,msmarco_passage_38_511023606,"A: Unless there is a provision in the lease allowing them to break it (for example, if the tenant gives 30 days’ notice that he wants to move, then he can exit the lease), then they are still legally liable for any and all past-due payments and future rent payments until the landlord decides to rent to someone else.","A: Unless there is a provision in the lease allowing them to break it (for example, are landlords liable if someone breaks in a hurts tenant if the tenant gives 30 days’ notice that he wants to move, then he can exit the lease), then they are still legally liable for any and all past-due payments and future rent payments until the landlord decides to rent to someone else.",cohere.command-r-plus-v1:0,3.0,,,3.0,fp,0,0,0,0.0
23287,are landlords liable if someone breaks in a hurts tenant,passage_and_query_words,msmarco_passage_38_511023606,"A: Unless there is a provision in the lease allowing them to break it (for example, if the tenant gives 30 days’ notice that he wants to move, then he can exit the lease), then they are still legally liable for any and all past-due payments and future rent payments until the landlord decides to rent to someone else.","A: are Unless landlords liable there if is a provision in the someone lease allowing them breaks to break it (for example, if the tenant gives 30 days’ notice that in he wants to move, then he a can hurts exit the lease), then they are still legally liable tenant for any and all past-due payments and future rent payments until the landlord decides to rent to someone else.",cohere.command-r-plus-v1:0,2.0,,,2.0,fp,0,0,0,0.0
337656,how old was the elephant man when he died,passage_and_query,msmarco_passage_06_99289267,"Elephant’s life expectancy is 60 to 70 years old. The oldest elephant to live was an Asian elephant named Lin Wang that died at 86 years old. Elephants show similar emotions like humans do. If a member of their herd dies, they show sadness and grieve the loss of their family members long after they have passed away.","Elephant’s life expectancy is 60 to 70 years old. The oldest elephant to live was an Asian elephant named Lin Wang that died at 86 years old. Elephants show similar emotions like humans do. If a how old was the elephant man when he died member of their herd dies, they show sadness and grieve the loss of their family members long after they have passed away.",cohere.command-r-plus-v1:0,0,,,0,fp,0,0,0,0.0
337656,how old was the elephant man when he died,passage_and_query_words,msmarco_passage_06_99289267,"Elephant’s life expectancy is 60 to 70 years old. The oldest elephant to live was an Asian elephant named Lin Wang that died at 86 years old. Elephants show similar emotions like humans do. If a member of their herd dies, they show sadness and grieve the loss of their family members long after they have passed away.","Elephant’s life expectancy how old is 60 was the to elephant 70 years old. man The oldest elephant to live was an Asian elephant named Lin Wang that died at 86 years old. Elephants show similar emotions like humans do. If when a member of he their herd dies, they show sadness and grieve the loss of died their family members long after they have passed away.",cohere.command-r-plus-v1:0,0,,,0,fp,0,0,0,0.0
540006,was friedrich nietzsche an atheist,passage_and_query,msmarco_passage_36_36940302,25 Friedrich Nietzsche Quotes About Power (The will of Power) Thus Spoke Zarathustra (42) Quotes by Friedrich Nietzsche. Friedrich Nietzsche’s 17 Views on Women. List of Friedrich Nietzsche Publications of Friedrich Publications:,25 Friedrich Nietzsche Quotes About Power (The will of Power) Thus Spoke Zarathustra (42) Quotes by Friedrich Nietzsche. was friedrich nietzsche an atheist Friedrich Nietzsche’s 17 Views on Women. List of Friedrich Nietzsche Publications of Friedrich Publications:,cohere.command-r-plus-v1:0,2,,,2,fp,0,0,0,0.0
540006,was friedrich nietzsche an atheist,passage_and_query_words,msmarco_passage_36_36940302,25 Friedrich Nietzsche Quotes About Power (The will of Power) Thus Spoke Zarathustra (42) Quotes by Friedrich Nietzsche. Friedrich Nietzsche’s 17 Views on Women. List of Friedrich Nietzsche Publications of Friedrich Publications:,25 Friedrich was Nietzsche Quotes friedrich About Power (The will of Power) Thus Spoke Zarathustra (42) Quotes by Friedrich nietzsche Nietzsche. an Friedrich Nietzsche’s 17 Views on atheist Women. List of Friedrich Nietzsche Publications of Friedrich Publications:,cohere.command-r-plus-v1:0,2,,,2,fp,0,0,0,0.0
540006,was friedrich nietzsche an atheist,passage_and_query,msmarco_passage_58_705058709,"Friedrich Nietzsche. Friedrich Wilhelm Nietzsche (, German: [ˈfʁiːdʁɪç ˈvɪlhɛlm ˈniːtʃə] (listen) or [- ˈniːtsʃə];... more. More Friedrich Nietzsche. The Best Friedrich Nietzsche Quotes #139 of 347 The Most Important Leaders In World History.","Friedrich Nietzsche. Friedrich Wilhelm Nietzsche was friedrich nietzsche an atheist (, German: [ˈfʁiːdʁɪç ˈvɪlhɛlm ˈniːtʃə] (listen) or [- ˈniːtsʃə];... more. More Friedrich Nietzsche. The Best Friedrich Nietzsche Quotes #139 of 347 The Most Important Leaders In World History.",cohere.command-r-plus-v1:0,2,,,2,fp,0,0,0,0.0
540006,was friedrich nietzsche an atheist,passage_and_query_words,msmarco_passage_58_705058709,"Friedrich Nietzsche. Friedrich Wilhelm Nietzsche (, German: [ˈfʁiːdʁɪç ˈvɪlhɛlm ˈniːtʃə] (listen) or [- ˈniːtsʃə];... more. More Friedrich Nietzsche. The Best Friedrich Nietzsche Quotes #139 of 347 The Most Important Leaders In World History.","was Friedrich Nietzsche. Friedrich Wilhelm Nietzsche friedrich (, German: [ˈfʁiːdʁɪç ˈvɪlhɛlm nietzsche ˈniːtʃə] (listen) or an [- ˈniːtsʃə];... more. More Friedrich Nietzsche. The Best atheist Friedrich Nietzsche Quotes #139 of 347 The Most Important Leaders In World History.",cohere.command-r-plus-v1:0,3.0,,,3.0,fp,0,0,0,0.0
190623,for what is david w. taylor known,passage_and_query,msmarco_passage_01_781011133,"Apostle David E. Taylor's Blog. Apostle David E. Taylor. Apostle David E. Taylor is a world renowned ordained minister of the Lord, who has passionately loved and served the Lord with all of his heart for over 25 years.","Apostle David E. Taylor's Blog. Apostle David E. Taylor. Apostle David E. Taylor is a world renowned ordained minister of the Lord, who has for what is david w. taylor known passionately loved and served the Lord with all of his heart for over 25 years.",cohere.command-r-plus-v1:0,0,,,0,fp,0,0,0,0.0
190623,for what is david w. taylor known,passage_and_query_words,msmarco_passage_01_781011133,"Apostle David E. Taylor's Blog. Apostle David E. Taylor. Apostle David E. Taylor is a world renowned ordained minister of the Lord, who has passionately loved and served the Lord with all of his heart for over 25 years.","Apostle David E. Taylor's Blog. Apostle David E. Taylor. Apostle David E. Taylor is for a world renowned ordained minister what of the Lord, who is has david passionately loved and served the w. taylor known Lord with all of his heart for over 25 years.",cohere.command-r-plus-v1:0,2.0,,,2.0,fp,0,0,0,0.0
647362,what does s/p mean medical,passage_and_query,msmarco_passage_01_501199332,"Rx is the medical abbreviation meaning prescription. What is the medical abbreviation meaning without? The letter ""s"" with a line over it is the medical abbreviation meaning without.The medical abbreviation for ""without"" is ""s"".","Rx is the medical abbreviation meaning prescription. What is the medical abbreviation meaning without? The letter ""s"" with a line over it is the what does s/p mean medical medical abbreviation meaning without.The medical abbreviation for ""without"" is ""s"".",cohere.command-r-plus-v1:0,2,,,2,fp,0,0,0,0.0
647362,what does s/p mean medical,passage_and_query_words,msmarco_passage_01_501199332,"Rx is the medical abbreviation meaning prescription. What is the medical abbreviation meaning without? The letter ""s"" with a line over it is the medical abbreviation meaning without.The medical abbreviation for ""without"" is ""s"".","Rx is the medical abbreviation what meaning prescription. What does is the medical abbreviation meaning without? The letter ""s"" with a line s/p over it is mean the medical abbreviation meaning medical without.The medical abbreviation for ""without"" is ""s"".",cohere.command-r-plus-v1:0,3.0,,,3.0,fp,0,0,0,0.0
1110996,what is the role of t tubules,passage_and_query,msmarco_passage_15_55520294,"The distal convoluted tubule is the nephron segment that lies immediately downstream of the macula densa. Although short in length, the distal convoluted tubule plays a critical role in sodium, potassium, and divalent cation homeostasis. Recent genetic and physiologic studies have greatly expanded our understanding of how the distal convoluted tubule regulates these processes at the molecular level.","The distal convoluted tubule is the nephron segment that what is the role of t tubules lies immediately downstream of the macula densa. Although short in length, the distal convoluted tubule plays a critical role in sodium, potassium, and divalent cation homeostasis. Recent genetic and physiologic studies have greatly expanded our understanding of how the distal convoluted tubule regulates these processes at the molecular level.",cohere.command-r-plus-v1:0,0,,,0,fp,0,0,0,0.0
1110996,what is the role of t tubules,passage_and_query_words,msmarco_passage_15_55520294,"The distal convoluted tubule is the nephron segment that lies immediately downstream of the macula densa. Although short in length, the distal convoluted tubule plays a critical role in sodium, potassium, and divalent cation homeostasis. Recent genetic and physiologic studies have greatly expanded our understanding of how the distal convoluted tubule regulates these processes at the molecular level.","The distal convoluted tubule is the nephron segment that lies immediately what downstream of the macula densa. Although short in is length, the distal convoluted tubule plays a critical role in sodium, potassium, and divalent cation the homeostasis. Recent genetic and physiologic role studies have of greatly expanded our understanding t of how tubules the distal convoluted tubule regulates these processes at the molecular level.",cohere.command-r-plus-v1:0,0,,,0,fp,0,0,0,0.0
647362,what does s/p mean medical,passage_and_query,msmarco_passage_01_500884606,"What does the medical abbreviation po bid prn mean? Po bid prn means that the patient is to take the medication
orally twice a day as needed. What does medical dose Po hs mean? PO means is a Latin abbreviation for ""by mouth"" and HS is a
Latin abbreviation for ""at night"" so that the medication by mouth
at night.","What does what does s/p mean medical the medical abbreviation po bid prn mean? Po bid prn means that the patient is to take the medication
orally twice a day as needed. What does medical dose Po hs mean? PO means is a Latin abbreviation for ""by mouth"" and HS is a
Latin abbreviation for ""at night"" so that the medication by mouth
at night.",cohere.command-r-plus-v1:0,0,,,0,fp,0,0,0,0.0
647362,what does s/p mean medical,passage_and_query_words,msmarco_passage_01_500884606,"What does the medical abbreviation po bid prn mean? Po bid prn means that the patient is to take the medication
orally twice a day as needed. What does medical dose Po hs mean? PO means is a Latin abbreviation for ""by mouth"" and HS is a
Latin abbreviation for ""at night"" so that the medication by mouth
at night.","What does the what medical abbreviation po bid prn mean mean? Po bid prn means that the does patient is medical to take the medication
orally twice a day as s/p needed. What does medical dose Po hs mean? PO means is a Latin abbreviation for ""by mouth"" and HS is a
Latin abbreviation for ""at night"" so that the medication by mouth
at night.",cohere.command-r-plus-v1:0,2.0,,,2.0,fp,0,0,0,0.0
1110996,what is the role of t tubules,passage_and_query,msmarco_passage_42_64485563,"The role of dentin tubules is to help you feel sensations in your teeth. That's also why they're often blamed for hypersensitivity in people's teeth. As you read on, we'll look into what dentin tubules are and their function, how they should flow, and how to manage hypersensitivity caused by them.","The role of dentin tubules is to what is the role of t tubules help you feel sensations in your teeth. That's also why they're often blamed for hypersensitivity in people's teeth. As you read on, we'll look into what dentin tubules are and their function, how they should flow, and how to manage hypersensitivity caused by them.",cohere.command-r-plus-v1:0,0,,,0,fp,0,0,0,0.0
1110996,what is the role of t tubules,passage_and_query_words,msmarco_passage_42_64485563,"The role of dentin tubules is to help you feel sensations in your teeth. That's also why they're often blamed for hypersensitivity in people's teeth. As you read on, we'll look into what dentin tubules are and their function, how they should flow, and how to manage hypersensitivity caused by them.","The role of dentin tubules is to help what you is feel sensations in your teeth. That's also why they're the often blamed for hypersensitivity in people's teeth. role As of you read t on, we'll look into what dentin tubules are and their tubules function, how they should flow, and how to manage hypersensitivity caused by them.",cohere.command-r-plus-v1:0,0,,,0,fp,0,0,0,0.0
647362,what does s/p mean medical,passage_and_query,msmarco_passage_01_501685978,"Cystectomy is the medical term meaning surgical removal of the bladder. What is the medical term meaning surgical removal of multiple muscles? Myectomy is the medical term meaning surgical removal of a
muscle. What is the medical term meaning surgical removal of a stone? Lithotomy is the medical term meaning surgical removal of a stone.Lithotomy is the medical term meaning surgical incision to remove a stone.","Cystectomy is the medical term meaning surgical removal of the what does s/p mean medical bladder. What is the medical term meaning surgical removal of multiple muscles? Myectomy is the medical term meaning surgical removal of a
muscle. What is the medical term meaning surgical removal of a stone? Lithotomy is the medical term meaning surgical removal of a stone.Lithotomy is the medical term meaning surgical incision to remove a stone.",cohere.command-r-plus-v1:0,0,,,0,fp,0,0,0,0.0
647362,what does s/p mean medical,passage_and_query_words,msmarco_passage_01_501685978,"Cystectomy is the medical term meaning surgical removal of the bladder. What is the medical term meaning surgical removal of multiple muscles? Myectomy is the medical term meaning surgical removal of a
muscle. What is the medical term meaning surgical removal of a stone? Lithotomy is the medical term meaning surgical removal of a stone.Lithotomy is the medical term meaning surgical incision to remove a stone.","Cystectomy is the medical term what meaning surgical removal of the bladder. What is does the mean medical term meaning surgical removal of multiple muscles? Myectomy medical is the medical term meaning surgical removal of a
muscle. What is the medical term meaning surgical removal of a stone? Lithotomy is the s/p medical term meaning surgical removal of a stone.Lithotomy is the medical term meaning surgical incision to remove a stone.",cohere.command-r-plus-v1:0,2.0,,,2.0,fp,0,0,0,0.0
190623,for what is david w. taylor known,passage_and_query,msmarco_passage_22_233893745,"by Jeremiah Nighthawk Taylor | Jul 5, 2020 | Blog, David Berkowitz, Interviews, Uncategorized | 20 comments. David Berkowitz is known in the media as the Son of Sam and also the 44-Caliber Killer. But for the last 33 years, Brother David has lived his life in prison as the Son of Hope. I reached out to David this spring in the hope that he would share his amazing journey of faith, and he agreed.","by Jeremiah Nighthawk Taylor | Jul 5, 2020 | Blog, David Berkowitz, Interviews, Uncategorized | 20 comments. David Berkowitz is known in the media as the Son of Sam and also the 44-Caliber Killer. But for the last 33 years, Brother David has lived his life in prison as the Son of Hope. I reached out to David this for what is david w. taylor known spring in the hope that he would share his amazing journey of faith, and he agreed.",cohere.command-r-plus-v1:0,0,,,0,fp,0,0,0,0.0
190623,for what is david w. taylor known,passage_and_query_words,msmarco_passage_22_233893745,"by Jeremiah Nighthawk Taylor | Jul 5, 2020 | Blog, David Berkowitz, Interviews, Uncategorized | 20 comments. David Berkowitz is known in the media as the Son of Sam and also the 44-Caliber Killer. But for the last 33 years, Brother David has lived his life in prison as the Son of Hope. I reached out to David this spring in the hope that he would share his amazing journey of faith, and he agreed.","by for Jeremiah Nighthawk Taylor | Jul what 5, 2020 | Blog, David Berkowitz, Interviews, Uncategorized | 20 comments. David Berkowitz is known in the media is as the Son of Sam and also the 44-Caliber Killer. But for the last 33 years, david w. Brother David has lived his life in prison as the Son taylor known of Hope. I reached out to David this spring in the hope that he would share his amazing journey of faith, and he agreed.",cohere.command-r-plus-v1:0,2,,,2,fp,0,0,0,0.0
23287,are landlords liable if someone breaks in a hurts tenant,passage_and_query,msmarco_passage_25_703872082,"To chat with a Texas landlord tenant attorney, Click here. Early termination. Texas tenants may legally break a lease early for the following reasons: Texas tenants who break a lease may be liable to pay the remainder of the original lease agreement.","To chat with a Texas landlord tenant attorney, Click here. Early termination. Texas tenants may legally break a lease early for the following reasons: Texas tenants who break a lease may be liable to pay the are landlords liable if someone breaks in a hurts tenant remainder of the original lease agreement.",cohere.command-r-plus-v1:0,2.0,,,2.0,fp,0,0,0,0.0
23287,are landlords liable if someone breaks in a hurts tenant,passage_and_query_words,msmarco_passage_25_703872082,"To chat with a Texas landlord tenant attorney, Click here. Early termination. Texas tenants may legally break a lease early for the following reasons: Texas tenants who break a lease may be liable to pay the remainder of the original lease agreement.","To chat are with a Texas landlord tenant attorney, Click here. Early landlords termination. Texas tenants may legally break liable a lease if early someone breaks for the following in reasons: a Texas hurts tenants who break a lease tenant may be liable to pay the remainder of the original lease agreement.",cohere.command-r-plus-v1:0,2,,,2,fp,0,0,0,0.0
226975,how does my baby get submitted for medicaid after birth,passage_and_query,msmarco_passage_04_720248767,"In a recent year in Colorado, the state's emergency Medicaid program paid an estimated $30 million in hospital and physician delivery costs for about 6,000 illegal immigrant mothers - average of $5,000 per baby. Those 6,000 births to illegal aliens represent 40% of the births paid for by Medicaid in Colorado.","In a recent year in Colorado, the state's emergency Medicaid program paid how does my baby get submitted for medicaid after birth an estimated $30 million in hospital and physician delivery costs for about 6,000 illegal immigrant mothers - average of $5,000 per baby. Those 6,000 births to illegal aliens represent 40% of the births paid for by Medicaid in Colorado.",cohere.command-r-plus-v1:0,3.0,,,3.0,fp,0,0,0,0.0
226975,how does my baby get submitted for medicaid after birth,passage_and_query_words,msmarco_passage_04_720248767,"In a recent year in Colorado, the state's emergency Medicaid program paid an estimated $30 million in hospital and physician delivery costs for about 6,000 illegal immigrant mothers - average of $5,000 per baby. Those 6,000 births to illegal aliens represent 40% of the births paid for by Medicaid in Colorado.","In a recent year how in Colorado, the state's emergency does Medicaid program paid an estimated $30 million in hospital my and physician baby delivery costs for get submitted about 6,000 illegal immigrant mothers - average of $5,000 for per medicaid baby. after Those 6,000 birth births to illegal aliens represent 40% of the births paid for by Medicaid in Colorado.",cohere.command-r-plus-v1:0,2,,,2,fp,0,0,0,0.0
337656,how old was the elephant man when he died,passage_and_query,msmarco_passage_62_871924943,"In March, a 40-year-old captive male elephant also died from severe exhaustion and overwork in the tourism industry, according to local news reports. A 36-year-old male elephant collapsed in January for the same reason: he was found dead with chains still on his front leg. In 2013, two female elephants also died in Vietnam - again, from overwork and hunger.","In March, a 40-year-old captive male elephant also died from severe exhaustion and overwork in the tourism industry, according to local news reports. A 36-year-old male elephant collapsed in January for the same reason: he was found dead with chains still on his front leg. In 2013, two female elephants also how old was the elephant man when he died died in Vietnam - again, from overwork and hunger.",cohere.command-r-plus-v1:0,0,,,0,fp,0,0,0,0.0
337656,how old was the elephant man when he died,passage_and_query_words,msmarco_passage_62_871924943,"In March, a 40-year-old captive male elephant also died from severe exhaustion and overwork in the tourism industry, according to local news reports. A 36-year-old male elephant collapsed in January for the same reason: he was found dead with chains still on his front leg. In 2013, two female elephants also died in Vietnam - again, from overwork and hunger.","In how March, old a 40-year-old captive male elephant was also died from severe exhaustion and overwork the in the elephant tourism industry, according to local news reports. A 36-year-old male elephant man collapsed in when January for the same reason: he was he found died dead with chains still on his front leg. In 2013, two female elephants also died in Vietnam - again, from overwork and hunger.",cohere.command-r-plus-v1:0,3.0,,,3.0,fp,0,0,0,0.0
395948,information about who howard gardner and what does he do,passage_and_query,msmarco_passage_19_163338816,"Holographic projection. Guy Gardner is a fictional comic book superhero appearing in books published by DC Comics, usually in books featuring the Green Lantern family of characters, and for a time (late 1980s through mid 1990s) was also a significant member of the Justice League family of characters.","Holographic projection. Guy Gardner is a fictional comic book superhero appearing in books published by DC Comics, usually information about who howard gardner and what does he do in books featuring the Green Lantern family of characters, and for a time (late 1980s through mid 1990s) was also a significant member of the Justice League family of characters.",cohere.command-r-plus-v1:0,0,,,0,fp,0,0,0,0.0
395948,information about who howard gardner and what does he do,passage_and_query_words,msmarco_passage_19_163338816,"Holographic projection. Guy Gardner is a fictional comic book superhero appearing in books published by DC Comics, usually in books featuring the Green Lantern family of characters, and for a time (late 1980s through mid 1990s) was also a significant member of the Justice League family of characters.","information Holographic projection. about Guy Gardner is a fictional comic book superhero appearing in books published by DC Comics, usually who in books featuring howard gardner the Green and Lantern family what of characters, and does for a time (late 1980s through he do mid 1990s) was also a significant member of the Justice League family of characters.",cohere.command-r-plus-v1:0,0,,,0,fp,0,0,0,0.0
975079,where does the welsh language originate from,passage_and_query,msmarco_passage_18_769498545,"Origin. Evans is of Welsh origin. In its anglicised form the name means ""son of Evan"". Regarding its Welsh roots, it is a derivative of the name Ifan, a cognate of John. In the Welsh language, the f produces the v sound; Ifan ( Ivan) became Evan .","Origin. Evans is of Welsh origin. In its anglicised form the name means ""son of Evan"". Regarding its Welsh roots, it is where does the welsh language originate from a derivative of the name Ifan, a cognate of John. In the Welsh language, the f produces the v sound; Ifan ( Ivan) became Evan .",cohere.command-r-plus-v1:0,2,,,2,fp,0,0,0,0.0
975079,where does the welsh language originate from,passage_and_query_words,msmarco_passage_18_769498545,"Origin. Evans is of Welsh origin. In its anglicised form the name means ""son of Evan"". Regarding its Welsh roots, it is a derivative of the name Ifan, a cognate of John. In the Welsh language, the f produces the v sound; Ifan ( Ivan) became Evan .","Origin. Evans is of Welsh origin. where In its anglicised form the name means does the welsh ""son of Evan"". Regarding its Welsh roots, it is a derivative of the name Ifan, language a cognate of John. In the originate Welsh language, the from f produces the v sound; Ifan ( Ivan) became Evan .",cohere.command-r-plus-v1:0,2.0,,,2.0,fp,0,0,0,0.0
190623,for what is david w. taylor known,passage_and_query,msmarco_passage_22_412044067,"David Muir. David Muir is the current news anchor for ABC World News Tonight and a co-anchor for 20/20. He makes $5 million annually and boasts a net worth of $20 million. He works on World News with David Muir on ABC, formerly known as World News Now. Taylor Hill/FilmMagic/Getty Images.","David Muir. David Muir is the current news anchor for ABC World News Tonight and a co-anchor for 20/20. He makes $5 million annually and boasts a net worth of $20 million. for what is david w. taylor known He works on World News with David Muir on ABC, formerly known as World News Now. Taylor Hill/FilmMagic/Getty Images.",cohere.command-r-plus-v1:0,0,,,0,fp,0,0,0,0.0
190623,for what is david w. taylor known,passage_and_query_words,msmarco_passage_22_412044067,"David Muir. David Muir is the current news anchor for ABC World News Tonight and a co-anchor for 20/20. He makes $5 million annually and boasts a net worth of $20 million. He works on World News with David Muir on ABC, formerly known as World News Now. Taylor Hill/FilmMagic/Getty Images.","David Muir. David Muir for is the current news anchor for what ABC World News Tonight and is a co-anchor for 20/20. david w. He makes $5 million annually and boasts a net worth of $20 million. He works on World News taylor with David Muir on ABC, formerly known known as World News Now. Taylor Hill/FilmMagic/Getty Images.",cohere.command-r-plus-v1:0,0,,,0,fp,0,0,0,0.0
1110996,what is the role of t tubules,passage_and_query,msmarco_passage_40_135401782,"Read More. renal collecting tubule. In renal collecting tubule. …the tubules are composed of microvilli, as well as cells with hairlike projections (sensory cilia) that play a role in the tubule’s response to hormones. Hydrostatic pressure helps to move secretions through the tubes.","Read More. renal collecting tubule. In renal collecting tubule. …the tubules are composed of microvilli, as well as cells with hairlike projections (sensory cilia) that play a role in the tubule’s response to hormones. Hydrostatic pressure helps to move secretions through the what is the role of t tubules tubes.",cohere.command-r-plus-v1:0,0,,,0,fp,0,0,0,0.0
1110996,what is the role of t tubules,passage_and_query_words,msmarco_passage_40_135401782,"Read More. renal collecting tubule. In renal collecting tubule. …the tubules are composed of microvilli, as well as cells with hairlike projections (sensory cilia) that play a role in the tubule’s response to hormones. Hydrostatic pressure helps to move secretions through the tubes.","Read More. renal what collecting tubule. In renal collecting tubule. …the tubules are composed of is microvilli, as well as cells with the hairlike projections (sensory cilia) that play role a role in of t the tubule’s response to hormones. Hydrostatic tubules pressure helps to move secretions through the tubes.",cohere.command-r-plus-v1:0,1,,,1,fp,0,0,0,0.0
1110996,what is the role of t tubules,passage_and_query,msmarco_passage_59_128236452,The role of kidneys. The kidney tubules have a large capacity to reabsorb and use ketone bodies. The reabsorption of ketones in proximal tubules occurs via sodium-dependent monocarboxylate transporters (SMCT1 and SMCT2) which is dependent on sodium gradient (lumen to proximal tubule).,The role of kidneys. The kidney tubules have a large capacity to reabsorb and use ketone bodies. The reabsorption of ketones in proximal tubules what is the role of t tubules occurs via sodium-dependent monocarboxylate transporters (SMCT1 and SMCT2) which is dependent on sodium gradient (lumen to proximal tubule).,cohere.command-r-plus-v1:0,0,,,0,fp,0,0,0,0.0
1110996,what is the role of t tubules,passage_and_query_words,msmarco_passage_59_128236452,The role of kidneys. The kidney tubules have a large capacity to reabsorb and use ketone bodies. The reabsorption of ketones in proximal tubules occurs via sodium-dependent monocarboxylate transporters (SMCT1 and SMCT2) which is dependent on sodium gradient (lumen to proximal tubule).,The role of kidneys. what The kidney tubules have a is large the capacity to reabsorb role and use ketone bodies. The reabsorption of of ketones in proximal tubules occurs via sodium-dependent t monocarboxylate transporters tubules (SMCT1 and SMCT2) which is dependent on sodium gradient (lumen to proximal tubule).,cohere.command-r-plus-v1:0,2.0,,,2.0,fp,0,0,0,0.0
337656,how old was the elephant man when he died,passage_and_query,msmarco_passage_12_698299688,"As part of the demonstration at trial as to how Ringling Bros. mistreats its Asian elephants, evidence was presented involving the circumstances of the deaths of baby elephants who have died in the care of Ringling Bros. Four-year-old Benjamin died when his trainer came after him with a bull hook. Four-year-old Kenny was made to perform in three shows when he was extremely ill.","As part of the demonstration at trial as to how Ringling Bros. mistreats its Asian elephants, evidence was presented involving the circumstances of the deaths of baby elephants who have died in the care of Ringling Bros. Four-year-old Benjamin died when his trainer came after him with a bull hook. Four-year-old Kenny was made to how old was the elephant man when he died perform in three shows when he was extremely ill.",cohere.command-r-plus-v1:0,0,,,0,fp,0,0,0,0.0
337656,how old was the elephant man when he died,passage_and_query_words,msmarco_passage_12_698299688,"As part of the demonstration at trial as to how Ringling Bros. mistreats its Asian elephants, evidence was presented involving the circumstances of the deaths of baby elephants who have died in the care of Ringling Bros. Four-year-old Benjamin died when his trainer came after him with a bull hook. Four-year-old Kenny was made to perform in three shows when he was extremely ill.","As how part of the old demonstration at trial as to how was Ringling Bros. mistreats the its Asian elephants, evidence elephant was presented man involving the circumstances of the deaths of baby elephants who have died in the care of Ringling Bros. Four-year-old Benjamin died when when his trainer came after him he with a died bull hook. Four-year-old Kenny was made to perform in three shows when he was extremely ill.",cohere.command-r-plus-v1:0,0,,,0,fp,0,0,0,0.0
337656,how old was the elephant man when he died,passage_and_query,msmarco_passage_22_211600639,"03 Elephant skin is thick but highly sensitive. 04 The largest elephant ever recorded stood at a 13 ft shoulder height and weighed 11,000 kg. 05 The oldest elephant in history died at 86 years old. Table of Contents.","03 Elephant skin is thick but highly sensitive. 04 The largest elephant ever recorded stood at a 13 ft shoulder height and weighed 11,000 kg. 05 The oldest elephant in history died at 86 years old. Table how old was the elephant man when he died of Contents.",cohere.command-r-plus-v1:0,0,,,0,fp,0,0,0,0.0
337656,how old was the elephant man when he died,passage_and_query_words,msmarco_passage_22_211600639,"03 Elephant skin is thick but highly sensitive. 04 The largest elephant ever recorded stood at a 13 ft shoulder height and weighed 11,000 kg. 05 The oldest elephant in history died at 86 years old. Table of Contents.","how old 03 was Elephant skin the is thick but highly sensitive. 04 The largest elephant ever recorded stood at a elephant 13 ft man shoulder height and when weighed 11,000 kg. he died 05 The oldest elephant in history died at 86 years old. Table of Contents.",cohere.command-r-plus-v1:0,0,,,0,fp,0,0,0,0.0
